Time Interval,Agent 9,Agent 3,Agent 2,Agent 4,Agent 5,Agent 8,Agent 7,Agent 0,Agent 6,Agent 1
0,0.0,0.0,0.0,0.0,0.0,0.0,0.0,0.0,0.0,0.0
1,0.0,0.0,0.0,0.0,0.0,0.0,0.0,0.0,0.0,0.0
2,0.0,0.0,0.0,0.0,0.0,0.0,0.0,0.0,0.0,0.0
3,0.0,0.0,9.332770912649172,0.0,0.0,0.0,0.0,0.0,0.0,0.0
4,0.0,0.0,9.332770912649172,0.0,0.0,0.0,0.0,0.0,0.0,0.0
5,0.0,0.0,9.332770912649172,0.0,0.0,0.0,0.0,0.0,0.0,35.898886221779435
6,37.53105632578556,0.0,9.332770912649172,0.0,0.0,0.0,0.0,0.0,30.270768107490593,35.898886221779435
7,37.53105632578556,0.0,9.332770912649172,0.0,0.0,0.0,0.0,0.0,30.270768107490593,35.898886221779435
8,37.53105632578556,0.0,9.332770912649172,0.0,0.0,0.0,0.0,0.0,30.270768107490593,35.898886221779435
9,37.53105632578556,0.0,32.386890781881704,0.0,0.0,0.0,0.0,0.0,30.270768107490593,35.898886221779435
10,37.53105632578556,0.0,32.386890781881704,0.0,0.0,0.0,0.0,0.0,30.270768107490593,35.898886221779435
11,37.53105632578556,0.0,32.386890781881704,0.0,0.0,0.0,0.0,0.0,30.270768107490593,15.732160993858589
12,37.53105632578556,19.835789962852022,32.386890781881704,0.0,0.0,0.0,0.0,0.0,30.270768107490593,15.732160993858589
13,9.265987974605256,19.835789962852022,32.386890781881704,0.0,0.0,0.0,0.0,0.0,30.270768107490593,15.732160993858589
14,9.265987974605256,19.835789962852022,32.386890781881704,0.0,0.0,0.0,0.0,0.0,30.270768107490593,15.732160993858589
15,9.265987974605256,19.835789962852022,32.386890781881704,0.0,0.0,0.0,0.0,0.0,28.52333001926303,15.732160993858589
16,9.265987974605256,19.835789962852022,32.386890781881704,15.521983481685382,5.416723023645932,0.0,0.0,0.0,28.52333001926303,15.732160993858589
17,9.265987974605256,19.835789962852022,32.386890781881704,15.521983481685382,5.416723023645932,0.0,0.0,0.0,28.52333001926303,15.732160993858589
18,9.265987974605256,19.835789962852022,32.386890781881704,15.521983481685382,5.416723023645932,0.0,0.0,0.0,28.52333001926303,15.732160993858589
19,9.265987974605256,19.835789962852022,32.386890781881704,15.521983481685382,5.416723023645932,0.0,0.0,0.0,28.52333001926303,15.732160993858589
20,9.265987974605256,19.835789962852022,32.386890781881704,15.521983481685382,5.416723023645932,9.948696289928735,0.0,0.0,28.52333001926303,15.732160993858589
21,9.265987974605256,19.835789962852022,32.386890781881704,15.521983481685382,5.416723023645932,9.948696289928735,0.0,0.0,28.52333001926303,15.732160993858589
22,9.265987974605256,19.835789962852022,32.386890781881704,15.521983481685382,5.416723023645932,9.948696289928735,0.0,0.0,28.52333001926303,15.732160993858589
23,9.265987974605256,19.835789962852022,32.386890781881704,15.521983481685382,5.416723023645932,9.948696289928735,0.0,0.0,28.52333001926303,15.732160993858589
24,9.265987974605256,19.835789962852022,23.208968854092756,15.521983481685382,5.416723023645932,9.948696289928735,0.0,0.0,28.52333001926303,15.732160993858589
25,9.265987974605256,19.835789962852022,23.208968854092756,15.521983481685382,5.416723023645932,9.948696289928735,0.0,0.0,28.52333001926303,15.732160993858589
26,9.265987974605256,19.835789962852022,23.208968854092756,15.521983481685382,5.416723023645932,9.948696289928735,0.0,0.0,28.52333001926303,0.0
27,9.265987974605256,31.886611980582913,23.208968854092756,15.521983481685382,5.416723023645932,9.948696289928735,0.0,0.0,28.52333001926303,25.73147514183413
28,9.265987974605256,31.886611980582913,23.208968854092756,15.521983481685382,5.416723023645932,9.948696289928735,0.0,0.0,28.52333001926303,25.73147514183413
29,9.265987974605256,31.886611980582913,23.208968854092756,15.521983481685382,5.416723023645932,9.948696289928735,31.296462835337238,0.0,28.52333001926303,25.73147514183413
30,9.265987974605256,31.886611980582913,23.208968854092756,15.521983481685382,5.416723023645932,9.948696289928735,31.296462835337238,18.438722960286132,28.52333001926303,25.73147514183413
31,9.265987974605256,31.886611980582913,23.208968854092756,15.521983481685382,5.416723023645932,9.948696289928735,31.296462835337238,18.438722960286132,28.52333001926303,25.73147514183413
32,11.150556136896267,31.886611980582913,23.208968854092756,15.521983481685382,5.416723023645932,9.948696289928735,31.296462835337238,18.438722960286132,28.52333001926303,25.73147514183413
33,11.150556136896267,31.886611980582913,23.208968854092756,15.521983481685382,5.416723023645932,9.948696289928735,31.296462835337238,18.438722960286132,28.52333001926303,25.73147514183413
34,11.150556136896267,31.886611980582913,23.208968854092756,15.521983481685382,5.416723023645932,9.948696289928735,31.296462835337238,18.438722960286132,28.52333001926303,25.73147514183413
35,11.150556136896267,31.886611980582913,23.208968854092756,15.521983481685382,5.416723023645932,9.948696289928735,31.296462835337238,18.438722960286132,28.52333001926303,25.73147514183413
36,11.150556136896267,31.886611980582913,23.208968854092756,26.87856182908596,5.416723023645932,9.948696289928735,31.296462835337238,18.438722960286132,18.138548054816,25.73147514183413
37,11.150556136896267,31.886611980582913,23.208968854092756,26.87856182908596,5.416723023645932,9.948696289928735,31.296462835337238,18.438722960286132,18.138548054816,25.73147514183413
38,11.150556136896267,31.886611980582913,23.208968854092756,26.87856182908596,5.416723023645932,9.948696289928735,31.296462835337238,18.438722960286132,18.138548054816,25.73147514183413
39,11.150556136896267,31.886611980582913,23.208968854092756,26.87856182908596,32.950119573590854,9.948696289928735,31.296462835337238,18.438722960286132,18.138548054816,25.73147514183413
40,11.150556136896267,31.886611980582913,23.208968854092756,26.87856182908596,32.950119573590854,9.948696289928735,31.296462835337238,18.438722960286132,18.138548054816,25.73147514183413
41,11.150556136896267,31.886611980582913,23.208968854092756,26.87856182908596,32.950119573590854,9.948696289928735,31.296462835337238,18.438722960286132,18.138548054816,25.73147514183413
42,11.150556136896267,31.886611980582913,23.208968854092756,26.87856182908596,32.950119573590854,9.948696289928735,31.296462835337238,18.438722960286132,18.138548054816,25.73147514183413
43,11.150556136896267,31.886611980582913,23.208968854092756,26.87856182908596,32.950119573590854,23.812126133480643,31.296462835337238,18.438722960286132,18.138548054816,25.73147514183413
44,11.150556136896267,31.886611980582913,23.208968854092756,26.87856182908596,32.950119573590854,23.812126133480643,31.296462835337238,18.438722960286132,18.138548054816,25.73147514183413
45,11.150556136896267,31.886611980582913,23.208968854092756,26.87856182908596,32.950119573590854,13.863429843551906,31.296462835337238,18.438722960286132,18.138548054816,25.73147514183413
46,11.150556136896267,31.886611980582913,23.208968854092756,26.87856182908596,32.950119573590854,13.863429843551906,31.296462835337238,18.438722960286132,18.138548054816,25.73147514183413
47,11.150556136896267,31.886611980582913,23.208968854092756,26.87856182908596,32.950119573590854,13.863429843551906,31.296462835337238,18.438722960286132,18.138548054816,25.73147514183413
48,11.150556136896267,31.886611980582913,23.208968854092756,26.87856182908596,32.950119573590854,13.863429843551906,31.296462835337238,18.438722960286132,18.138548054816,25.73147514183413
49,11.150556136896267,31.886611980582913,23.208968854092756,26.87856182908596,32.950119573590854,13.863429843551906,31.296462835337238,18.438722960286132,18.138548054816,25.73147514183413
50,11.150556136896267,31.886611980582913,23.208968854092756,26.87856182908596,32.950119573590854,13.863429843551906,31.296462835337238,18.438722960286132,18.138548054816,25.73147514183413
51,11.150556136896267,31.886611980582913,16.237291778843478,26.87856182908596,32.950119573590854,13.863429843551906,31.296462835337238,18.438722960286132,18.138548054816,25.73147514183413
52,24.58767898514628,31.886611980582913,16.237291778843478,26.87856182908596,32.950119573590854,13.863429843551906,31.296462835337238,18.438722960286132,18.138548054816,25.73147514183413
53,24.58767898514628,31.886611980582913,16.237291778843478,26.87856182908596,32.950119573590854,13.863429843551906,31.296462835337238,18.438722960286132,18.138548054816,14.13988756907832
54,24.58767898514628,31.41958807754173,16.237291778843478,26.87856182908596,32.950119573590854,13.863429843551906,31.296462835337238,18.438722960286132,18.138548054816,14.13988756907832
55,24.58767898514628,31.41958807754173,16.237291778843478,26.87856182908596,32.950119573590854,13.863429843551906,31.296462835337238,18.438722960286132,18.138548054816,14.13988756907832
56,24.58767898514628,31.41958807754173,16.237291778843478,26.87856182908596,32.950119573590854,13.863429843551906,31.296462835337238,18.438722960286132,18.138548054816,14.13988756907832
57,24.58767898514628,31.41958807754173,16.237291778843478,26.87856182908596,32.950119573590854,13.863429843551906,31.296462835337238,18.438722960286132,18.138548054816,14.13988756907832
58,24.58767898514628,31.41958807754173,16.237291778843478,26.87856182908596,32.950119573590854,13.863429843551906,31.296462835337238,11.16929328942673,18.138548054816,14.13988756907832
59,24.58767898514628,31.41958807754173,16.237291778843478,26.87856182908596,32.950119573590854,13.863429843551906,11.682686480660754,11.16929328942673,18.138548054816,14.13988756907832
60,24.58767898514628,31.41958807754173,16.237291778843478,26.87856182908596,32.950119573590854,13.863429843551906,11.682686480660754,11.16929328942673,18.138548054816,14.13988756907832
61,24.58767898514628,31.41958807754173,16.237291778843478,26.87856182908596,32.950119573590854,13.863429843551906,11.682686480660754,11.16929328942673,18.138548054816,14.13988756907832
62,24.58767898514628,31.41958807754173,16.237291778843478,26.87856182908596,32.950119573590854,13.863429843551906,11.682686480660754,11.16929328942673,18.138548054816,14.13988756907832
63,26.476001447594086,31.41958807754173,16.237291778843478,26.87856182908596,32.950119573590854,13.863429843551906,11.682686480660754,11.16929328942673,18.138548054816,14.13988756907832
64,26.476001447594086,31.41958807754173,16.237291778843478,26.87856182908596,32.950119573590854,13.863429843551906,11.682686480660754,11.16929328942673,18.138548054816,14.13988756907832
65,26.476001447594086,31.41958807754173,16.237291778843478,26.87856182908596,32.950119573590854,13.863429843551906,11.682686480660754,11.16929328942673,18.138548054816,14.13988756907832
66,26.476001447594086,31.41958807754173,16.237291778843478,26.87856182908596,32.950119573590854,13.863429843551906,11.682686480660754,11.16929328942673,18.138548054816,14.13988756907832
67,26.476001447594086,31.41958807754173,16.237291778843478,26.87856182908596,32.950119573590854,13.863429843551906,11.682686480660754,11.16929328942673,18.138548054816,14.13988756907832
68,26.476001447594086,31.41958807754173,16.237291778843478,36.571135787121804,17.14563667387428,13.863429843551906,11.682686480660754,11.16929328942673,18.138548054816,14.13988756907832
69,26.476001447594086,31.41958807754173,16.237291778843478,36.571135787121804,17.14563667387428,13.863429843551906,40.55085261270129,11.16929328942673,18.138548054816,14.13988756907832
70,26.476001447594086,31.41958807754173,16.237291778843478,36.571135787121804,17.14563667387428,46.39876260043933,40.55085261270129,40.2256624034627,16.402154544020572,14.13988756907832
71,26.476001447594086,31.41958807754173,16.237291778843478,36.571135787121804,17.14563667387428,46.39876260043933,40.55085261270129,40.2256624034627,16.402154544020572,14.13988756907832
72,26.476001447594086,31.41958807754173,16.237291778843478,36.571135787121804,17.14563667387428,46.39876260043933,40.55085261270129,40.2256624034627,16.402154544020572,14.13988756907832
73,26.476001447594086,31.41958807754173,16.237291778843478,36.571135787121804,17.14563667387428,46.39876260043933,40.55085261270129,40.2256624034627,16.402154544020572,14.13988756907832
74,26.476001447594086,31.41958807754173,16.237291778843478,36.571135787121804,17.14563667387428,46.39876260043933,40.55085261270129,40.2256624034627,16.402154544020572,14.13988756907832
75,26.476001447594086,31.41958807754173,16.237291778843478,36.571135787121804,17.14563667387428,46.39876260043933,40.55085261270129,40.2256624034627,16.402154544020572,14.13988756907832
76,26.476001447594086,31.41958807754173,16.237291778843478,36.571135787121804,17.14563667387428,46.39876260043933,40.55085261270129,40.2256624034627,16.402154544020572,14.13988756907832
77,26.476001447594086,31.41958807754173,16.237291778843478,36.571135787121804,17.14563667387428,46.39876260043933,40.55085261270129,40.2256624034627,16.402154544020572,14.13988756907832
78,26.476001447594086,31.41958807754173,16.237291778843478,36.571135787121804,17.14563667387428,46.39876260043933,40.55085261270129,40.2256624034627,16.402154544020572,18.730976591099804
79,26.476001447594086,31.41958807754173,16.237291778843478,36.571135787121804,17.14563667387428,46.39876260043933,40.55085261270129,40.2256624034627,16.402154544020572,18.730976591099804
80,26.476001447594086,31.41958807754173,16.237291778843478,36.571135787121804,17.14563667387428,32.53533275688742,40.55085261270129,40.2256624034627,16.402154544020572,18.730976591099804
81,26.476001447594086,31.41958807754173,16.237291778843478,36.571135787121804,17.14563667387428,32.53533275688742,40.55085261270129,40.2256624034627,16.402154544020572,18.730976591099804
82,26.476001447594086,31.41958807754173,16.237291778843478,36.571135787121804,17.14563667387428,32.53533275688742,40.55085261270129,40.2256624034627,16.402154544020572,18.730976591099804
83,26.476001447594086,31.41958807754173,20.80904776795665,36.571135787121804,17.14563667387428,32.53533275688742,40.55085261270129,40.2256624034627,16.402154544020572,18.730976591099804
84,32.94180044932251,21.703384537693257,20.80904776795665,36.571135787121804,17.14563667387428,32.53533275688742,40.55085261270129,40.2256624034627,16.402154544020572,18.730976591099804
85,32.94180044932251,21.703384537693257,20.80904776795665,36.571135787121804,17.14563667387428,32.53533275688742,40.55085261270129,40.2256624034627,16.402154544020572,48.41231474640358
86,32.94180044932251,21.703384537693257,20.80904776795665,36.571135787121804,17.14563667387428,32.53533275688742,40.55085261270129,40.2256624034627,16.402154544020572,48.41231474640358
87,32.94180044932251,21.703384537693257,20.80904776795665,36.571135787121804,17.14563667387428,32.53533275688742,40.55085261270129,40.2256624034627,16.402154544020572,38.34550944947963
88,32.94180044932251,21.703384537693257,20.80904776795665,36.571135787121804,17.14563667387428,32.53533275688742,40.55085261270129,40.2256624034627,16.402154544020572,38.34550944947963
89,32.94180044932251,21.703384537693257,20.80904776795665,36.571135787121804,17.14563667387428,32.53533275688742,40.55085261270129,40.2256624034627,16.402154544020572,38.34550944947963
90,32.94180044932251,21.703384537693257,20.80904776795665,36.571135787121804,17.14563667387428,32.53533275688742,28.868166132040532,40.2256624034627,16.402154544020572,38.34550944947963
91,32.94180044932251,21.703384537693257,20.80904776795665,36.571135787121804,17.14563667387428,32.53533275688742,28.868166132040532,40.2256624034627,16.402154544020572,38.34550944947963
92,32.94180044932251,21.703384537693257,20.80904776795665,36.571135787121804,17.14563667387428,32.53533275688742,28.868166132040532,29.05636911403597,16.402154544020572,38.34550944947963
93,32.94180044932251,21.703384537693257,20.80904776795665,36.571135787121804,17.14563667387428,32.53533275688742,28.868166132040532,29.05636911403597,16.402154544020572,38.34550944947963
94,19.902921849978437,21.703384537693257,20.80904776795665,36.571135787121804,17.14563667387428,32.53533275688742,28.868166132040532,29.05636911403597,16.402154544020572,38.34550944947963
95,19.902921849978437,21.703384537693257,20.80904776795665,36.571135787121804,17.14563667387428,32.53533275688742,28.868166132040532,29.05636911403597,16.402154544020572,38.34550944947963
96,19.902921849978437,21.703384537693257,20.80904776795665,42.639431146490544,17.14563667387428,32.53533275688742,28.868166132040532,29.05636911403597,16.402154544020572,38.34550944947963
97,19.902921849978437,21.703384537693257,20.80904776795665,42.639431146490544,17.14563667387428,32.53533275688742,28.868166132040532,29.05636911403597,16.402154544020572,38.34550944947963
98,19.902921849978437,21.703384537693257,20.80904776795665,42.639431146490544,17.14563667387428,32.53533275688742,28.868166132040532,29.05636911403597,16.402154544020572,38.34550944947963
99,19.902921849978437,21.703384537693257,20.80904776795665,42.639431146490544,14.638599111087647,32.53533275688742,28.868166132040532,29.05636911403597,16.402154544020572,38.34550944947963
100,19.902921849978437,21.703384537693257,20.80904776795665,42.639431146490544,39.280900443736215,32.53533275688742,42.6660479699537,29.05636911403597,16.402154544020572,38.34550944947963
101,19.902921849978437,21.703384537693257,20.80904776795665,42.639431146490544,39.280900443736215,32.53533275688742,42.6660479699537,29.05636911403597,16.402154544020572,38.34550944947963
102,19.902921849978437,21.703384537693257,20.80904776795665,42.639431146490544,39.280900443736215,32.53533275688742,42.6660479699537,29.05636911403597,16.402154544020572,38.34550944947963
103,19.902921849978437,21.703384537693257,20.80904776795665,42.639431146490544,39.280900443736215,32.53533275688742,42.6660479699537,29.05636911403597,16.402154544020572,38.34550944947963
104,19.902921849978437,21.703384537693257,20.80904776795665,42.639431146490544,39.280900443736215,32.53533275688742,42.6660479699537,29.05636911403597,16.402154544020572,38.34550944947963
105,19.902921849978437,21.703384537693257,20.80904776795665,42.639431146490544,39.280900443736215,17.971332296788393,42.6660479699537,29.05636911403597,16.402154544020572,38.34550944947963
106,19.902921849978437,21.703384537693257,20.80904776795665,42.639431146490544,39.280900443736215,17.971332296788393,42.6660479699537,29.05636911403597,37.02094137919497,38.34550944947963
107,19.902921849978437,21.703384537693257,20.80904776795665,42.639431146490544,39.280900443736215,17.971332296788393,42.6660479699537,29.05636911403597,37.02094137919497,38.34550944947963
108,19.902921849978437,21.703384537693257,20.80904776795665,42.639431146490544,39.280900443736215,17.971332296788393,42.6660479699537,29.05636911403597,37.02094137919497,38.34550944947963
109,19.902921849978437,21.703384537693257,20.80904776795665,42.639431146490544,39.280900443736215,17.971332296788393,42.6660479699537,29.05636911403597,37.02094137919497,38.34550944947963
110,19.902921849978437,21.703384537693257,20.80904776795665,42.639431146490544,39.280900443736215,17.971332296788393,42.6660479699537,29.05636911403597,37.02094137919497,38.34550944947963
111,19.902921849978437,21.703384537693257,20.80904776795665,42.639431146490544,39.280900443736215,17.971332296788393,42.6660479699537,29.05636911403597,37.02094137919497,38.34550944947963
112,19.902921849978437,21.703384537693257,20.80904776795665,42.639431146490544,39.280900443736215,17.971332296788393,42.6660479699537,29.05636911403597,20.618786835174397,38.34550944947963
113,19.902921849978437,21.703384537693257,20.80904776795665,42.639431146490544,39.280900443736215,17.971332296788393,42.6660479699537,30.518938899962386,20.618786835174397,38.34550944947963
114,19.902921849978437,21.703384537693257,20.80904776795665,42.639431146490544,39.280900443736215,17.971332296788393,42.6660479699537,30.518938899962386,20.618786835174397,38.34550944947963
115,19.902921849978437,21.703384537693257,20.80904776795665,42.639431146490544,39.280900443736215,17.971332296788393,42.6660479699537,30.518938899962386,20.618786835174397,38.34550944947963
116,19.902921849978437,21.703384537693257,20.80904776795665,42.639431146490544,39.280900443736215,17.971332296788393,42.6660479699537,30.518938899962386,20.618786835174397,38.34550944947963
117,19.902921849978437,21.703384537693257,20.80904776795665,42.639431146490544,39.280900443736215,17.971332296788393,42.6660479699537,30.518938899962386,20.618786835174397,38.34550944947963
118,19.902921849978437,21.703384537693257,20.80904776795665,42.639431146490544,39.280900443736215,17.971332296788393,42.6660479699537,30.518938899962386,20.618786835174397,38.34550944947963
119,19.902921849978437,21.703384537693257,20.80904776795665,42.639431146490544,39.280900443736215,39.601005222628785,42.6660479699537,30.518938899962386,20.618786835174397,38.34550944947963
120,19.902921849978437,21.703384537693257,20.80904776795665,42.639431146490544,39.280900443736215,39.601005222628785,42.6660479699537,30.518938899962386,20.618786835174397,38.34550944947963
121,19.902921849978437,21.703384537693257,20.80904776795665,42.639431146490544,39.280900443736215,39.601005222628785,42.6660479699537,30.518938899962386,20.618786835174397,38.34550944947963
122,19.902921849978437,21.703384537693257,20.80904776795665,42.639431146490544,39.280900443736215,39.601005222628785,42.6660479699537,30.518938899962386,20.618786835174397,33.75442042745816
123,19.902921849978437,21.703384537693257,20.80904776795665,42.639431146490544,39.280900443736215,39.601005222628785,42.6660479699537,30.518938899962386,20.618786835174397,33.75442042745816
124,19.902921849978437,21.703384537693257,20.80904776795665,42.639431146490544,39.280900443736215,39.601005222628785,42.6660479699537,30.518938899962386,20.618786835174397,33.75442042745816
125,19.902921849978437,21.703384537693257,20.80904776795665,42.639431146490544,39.280900443736215,39.601005222628785,42.6660479699537,30.518938899962386,20.618786835174397,33.75442042745816
126,19.902921849978437,21.703384537693257,20.80904776795665,42.639431146490544,39.280900443736215,39.601005222628785,42.6660479699537,30.518938899962386,20.618786835174397,33.75442042745816
127,19.902921849978437,21.703384537693257,20.80904776795665,42.639431146490544,39.280900443736215,39.601005222628785,42.6660479699537,30.518938899962386,20.618786835174397,25.310848932023255
128,19.902921849978437,21.703384537693257,20.80904776795665,42.639431146490544,39.280900443736215,39.601005222628785,42.6660479699537,30.518938899962386,20.618786835174397,25.310848932023255
129,25.310848932023255,0.0,32.24875516409379,42.639431146490544,39.280900443736215,39.601005222628785,42.6660479699537,30.518938899962386,20.618786835174397,25.310848932023255
130,25.310848932023255,20.953400435647094,32.24875516409379,42.639431146490544,39.280900443736215,39.601005222628785,42.6660479699537,30.518938899962386,20.618786835174397,25.310848932023255
131,25.310848932023255,20.953400435647094,32.24875516409379,34.87088026081802,39.280900443736215,39.601005222628785,22.145360804014775,30.518938899962386,20.618786835174397,25.310848932023255
132,25.310848932023255,20.953400435647094,32.24875516409379,34.87088026081802,39.280900443736215,39.601005222628785,22.145360804014775,30.518938899962386,20.618786835174397,25.310848932023255
133,25.310848932023255,20.953400435647094,32.24875516409379,34.87088026081802,39.280900443736215,39.601005222628785,22.145360804014775,30.518938899962386,20.618786835174397,25.310848932023255
134,25.310848932023255,20.953400435647094,32.24875516409379,34.87088026081802,39.280900443736215,39.601005222628785,22.145360804014775,30.518938899962386,20.618786835174397,25.310848932023255
135,25.310848932023255,20.953400435647094,32.24875516409379,34.87088026081802,30.159772036218857,39.601005222628785,22.145360804014775,30.518938899962386,20.618786835174397,25.310848932023255
136,25.310848932023255,20.953400435647094,32.24875516409379,34.87088026081802,30.159772036218857,39.601005222628785,22.145360804014775,30.518938899962386,20.618786835174397,25.310848932023255
137,25.310848932023255,20.953400435647094,32.24875516409379,34.87088026081802,30.159772036218857,39.601005222628785,22.145360804014775,30.518938899962386,20.618786835174397,25.310848932023255
138,25.310848932023255,20.953400435647094,32.24875516409379,34.87088026081802,30.159772036218857,39.601005222628785,22.145360804014775,30.518938899962386,20.618786835174397,25.310848932023255
139,25.310848932023255,20.953400435647094,32.24875516409379,34.87088026081802,30.159772036218857,39.601005222628785,22.145360804014775,30.518938899962386,20.618786835174397,25.310848932023255
140,25.310848932023255,20.953400435647094,32.24875516409379,34.87088026081802,30.159772036218857,39.601005222628785,22.145360804014775,30.518938899962386,20.618786835174397,25.310848932023255
141,25.310848932023255,20.953400435647094,32.24875516409379,34.87088026081802,30.159772036218857,39.601005222628785,22.145360804014775,30.518938899962386,20.618786835174397,25.310848932023255
142,25.310848932023255,20.953400435647094,32.24875516409379,34.87088026081802,30.159772036218857,39.601005222628785,22.145360804014775,30.518938899962386,20.618786835174397,25.310848932023255
143,25.310848932023255,20.953400435647094,32.24875516409379,34.87088026081802,30.159772036218857,39.601005222628785,22.145360804014775,30.518938899962386,20.618786835174397,25.310848932023255
144,25.310848932023255,20.953400435647094,32.24875516409379,34.87088026081802,30.159772036218857,39.601005222628785,22.145360804014775,30.518938899962386,20.618786835174397,25.310848932023255
145,25.310848932023255,20.953400435647094,32.24875516409379,34.87088026081802,30.159772036218857,39.601005222628785,22.145360804014775,30.518938899962386,20.618786835174397,25.310848932023255
146,25.310848932023255,20.953400435647094,32.24875516409379,34.87088026081802,30.159772036218857,39.601005222628785,22.145360804014775,30.518938899962386,20.618786835174397,25.310848932023255
147,25.310848932023255,20.953400435647094,32.24875516409379,34.87088026081802,30.159772036218857,21.629672925840403,22.145360804014775,30.518938899962386,30.011899703167643,25.310848932023255
148,25.310848932023255,20.953400435647094,32.24875516409379,34.87088026081802,30.159772036218857,21.629672925840403,22.145360804014775,30.518938899962386,30.011899703167643,25.310848932023255
149,25.310848932023255,20.953400435647094,32.24875516409379,34.87088026081802,30.159772036218857,21.629672925840403,22.145360804014775,30.518938899962386,30.011899703167643,25.310848932023255
150,25.310848932023255,20.953400435647094,32.24875516409379,34.87088026081802,30.159772036218857,21.629672925840403,22.145360804014775,30.518938899962386,30.011899703167643,25.310848932023255
151,25.310848932023255,20.953400435647094,32.24875516409379,34.87088026081802,30.159772036218857,21.629672925840403,22.145360804014775,30.518938899962386,30.011899703167643,25.310848932023255
152,25.310848932023255,20.953400435647094,32.24875516409379,34.87088026081802,30.159772036218857,21.629672925840403,22.145360804014775,30.518938899962386,30.011899703167643,25.310848932023255
153,25.310848932023255,20.953400435647094,32.24875516409379,34.87088026081802,30.159772036218857,21.629672925840403,22.145360804014775,30.518938899962386,30.011899703167643,25.310848932023255
154,25.310848932023255,20.953400435647094,32.24875516409379,34.87088026081802,30.159772036218857,21.629672925840403,22.145360804014775,30.518938899962386,30.011899703167643,25.310848932023255
155,25.310848932023255,20.953400435647094,32.24875516409379,34.87088026081802,30.159772036218857,21.629672925840403,22.145360804014775,30.518938899962386,30.011899703167643,25.310848932023255
156,25.310848932023255,20.953400435647094,32.24875516409379,34.87088026081802,30.159772036218857,21.629672925840403,22.145360804014775,30.518938899962386,30.011899703167643,25.310848932023255
157,25.310848932023255,20.953400435647094,32.24875516409379,34.87088026081802,30.159772036218857,21.629672925840403,22.145360804014775,23.83130252454938,30.011899703167643,25.310848932023255
158,25.310848932023255,20.953400435647094,32.24875516409379,34.87088026081802,30.159772036218857,21.629672925840403,22.145360804014775,48.04935834028805,30.011899703167643,25.310848932023255
159,25.310848932023255,20.953400435647094,32.24875516409379,34.87088026081802,30.159772036218857,21.629672925840403,22.145360804014775,33.58775472194224,30.011899703167643,25.310848932023255
160,25.310848932023255,20.953400435647094,32.24875516409379,34.87088026081802,30.159772036218857,21.629672925840403,22.145360804014775,33.58775472194224,30.011899703167643,25.310848932023255
161,25.310848932023255,20.953400435647094,32.24875516409379,34.87088026081802,30.159772036218857,21.629672925840403,22.145360804014775,33.58775472194224,30.011899703167643,25.310848932023255
162,25.310848932023255,20.953400435647094,32.24875516409379,34.87088026081802,30.159772036218857,21.629672925840403,22.145360804014775,33.58775472194224,30.011899703167643,25.310848932023255
163,25.310848932023255,20.953400435647094,32.24875516409379,34.87088026081802,30.159772036218857,21.629672925840403,22.145360804014775,33.58775472194224,30.011899703167643,25.310848932023255
164,25.310848932023255,20.953400435647094,32.24875516409379,34.87088026081802,30.159772036218857,21.629672925840403,22.145360804014775,33.58775472194224,30.011899703167643,25.310848932023255
165,25.310848932023255,20.953400435647094,32.24875516409379,34.87088026081802,30.159772036218857,21.629672925840403,22.145360804014775,33.58775472194224,30.011899703167643,25.310848932023255
166,25.310848932023255,20.953400435647094,32.24875516409379,34.87088026081802,30.159772036218857,21.629672925840403,22.145360804014775,33.58775472194224,30.011899703167643,25.310848932023255
167,25.310848932023255,28.024614492603494,32.24875516409379,34.87088026081802,30.159772036218857,21.629672925840403,22.145360804014775,33.58775472194224,30.011899703167643,25.310848932023255
168,25.310848932023255,28.024614492603494,32.24875516409379,34.87088026081802,30.159772036218857,21.629672925840403,22.145360804014775,33.58775472194224,30.011899703167643,25.310848932023255
169,25.310848932023255,28.024614492603494,32.24875516409379,34.87088026081802,30.159772036218857,21.629672925840403,22.145360804014775,33.58775472194224,30.011899703167643,25.310848932023255
170,25.310848932023255,28.024614492603494,32.24875516409379,34.87088026081802,30.159772036218857,21.629672925840403,22.145360804014775,33.58775472194224,30.011899703167643,25.310848932023255
171,25.310848932023255,28.024614492603494,32.24875516409379,34.87088026081802,30.159772036218857,21.629672925840403,22.145360804014775,33.58775472194224,30.011899703167643,24.19691007197852
172,46.582975056583216,28.024614492603494,32.24875516409379,34.87088026081802,30.159772036218857,39.29852580809399,22.145360804014775,33.58775472194224,30.011899703167643,24.19691007197852
173,46.582975056583216,28.024614492603494,32.24875516409379,34.87088026081802,30.159772036218857,39.29852580809399,22.145360804014775,33.58775472194224,30.011899703167643,24.19691007197852
174,46.582975056583216,28.024614492603494,32.24875516409379,34.87088026081802,30.159772036218857,23.056097934746706,22.145360804014775,33.58775472194224,30.011899703167643,24.19691007197852
175,46.582975056583216,28.024614492603494,32.24875516409379,34.87088026081802,30.159772036218857,23.056097934746706,22.145360804014775,33.58775472194224,30.011899703167643,24.19691007197852
176,46.582975056583216,28.024614492603494,25.85280215503046,34.87088026081802,30.159772036218857,23.056097934746706,22.145360804014775,33.58775472194224,30.011899703167643,24.19691007197852
177,46.582975056583216,28.024614492603494,25.85280215503046,34.87088026081802,30.159772036218857,23.056097934746706,22.145360804014775,33.58775472194224,30.011899703167643,24.19691007197852
178,46.582975056583216,41.838036609894424,25.85280215503046,34.87088026081802,30.159772036218857,23.056097934746706,22.145360804014775,33.58775472194224,30.011899703167643,24.19691007197852
179,46.582975056583216,41.838036609894424,25.85280215503046,34.87088026081802,30.159772036218857,23.056097934746706,22.145360804014775,33.58775472194224,30.011899703167643,24.19691007197852
180,46.582975056583216,41.838036609894424,25.85280215503046,34.87088026081802,30.159772036218857,23.056097934746706,22.145360804014775,33.58775472194224,30.011899703167643,24.19691007197852
181,46.582975056583216,41.838036609894424,25.85280215503046,34.87088026081802,30.159772036218857,23.056097934746706,22.145360804014775,33.58775472194224,30.011899703167643,24.19691007197852
182,46.582975056583216,41.838036609894424,25.85280215503046,34.87088026081802,30.159772036218857,23.056097934746706,22.145360804014775,33.58775472194224,30.011899703167643,24.19691007197852
183,46.582975056583216,41.838036609894424,25.85280215503046,34.87088026081802,30.159772036218857,23.056097934746706,22.145360804014775,33.58775472194224,30.011899703167643,24.19691007197852
184,46.582975056583216,41.838036609894424,25.85280215503046,46.89742019827737,30.159772036218857,23.056097934746706,22.145360804014775,33.58775472194224,30.011899703167643,24.19691007197852
185,46.582975056583216,41.838036609894424,25.85280215503046,46.89742019827737,30.159772036218857,23.056097934746706,24.261215458584974,33.58775472194224,30.011899703167643,24.19691007197852
186,46.582975056583216,41.838036609894424,25.85280215503046,46.89742019827737,30.159772036218857,23.056097934746706,24.261215458584974,33.58775472194224,30.011899703167643,24.19691007197852
187,46.582975056583216,41.838036609894424,25.85280215503046,46.89742019827737,30.159772036218857,23.056097934746706,24.261215458584974,33.58775472194224,30.011899703167643,24.19691007197852
188,46.582975056583216,41.838036609894424,25.85280215503046,29.960372184050936,30.159772036218857,23.056097934746706,24.261215458584974,33.58775472194224,30.011899703167643,24.19691007197852
189,46.582975056583216,41.838036609894424,25.85280215503046,29.960372184050936,30.159772036218857,23.056097934746706,24.261215458584974,33.58775472194224,30.011899703167643,24.19691007197852
190,46.582975056583216,41.838036609894424,25.85280215503046,29.960372184050936,30.159772036218857,23.056097934746706,24.261215458584974,33.58775472194224,30.011899703167643,24.19691007197852
191,46.582975056583216,41.838036609894424,25.85280215503046,29.960372184050936,44.433502144285065,23.056097934746706,24.261215458584974,33.58775472194224,30.011899703167643,24.19691007197852
192,46.582975056583216,41.838036609894424,25.85280215503046,29.960372184050936,44.433502144285065,23.056097934746706,24.261215458584974,33.58775472194224,30.011899703167643,24.19691007197852
193,46.582975056583216,41.838036609894424,25.85280215503046,29.960372184050936,44.433502144285065,23.056097934746706,24.261215458584974,33.58775472194224,30.011899703167643,24.19691007197852
194,46.582975056583216,41.838036609894424,25.85280215503046,29.960372184050936,44.433502144285065,23.056097934746706,24.261215458584974,33.58775472194224,51.159938147976426,24.19691007197852
195,46.582975056583216,41.838036609894424,25.85280215503046,29.960372184050936,44.433502144285065,23.056097934746706,24.261215458584974,33.58775472194224,51.159938147976426,24.19691007197852
196,46.582975056583216,41.838036609894424,25.85280215503046,29.960372184050936,44.433502144285065,23.056097934746706,24.261215458584974,33.58775472194224,51.159938147976426,24.19691007197852
197,46.582975056583216,41.838036609894424,25.85280215503046,29.960372184050936,44.433502144285065,23.056097934746706,24.261215458584974,33.58775472194224,31.54942390145739,24.19691007197852
198,46.582975056583216,41.838036609894424,25.85280215503046,29.960372184050936,44.433502144285065,23.056097934746706,24.261215458584974,33.58775472194224,31.54942390145739,24.19691007197852
199,46.582975056583216,41.838036609894424,25.85280215503046,29.960372184050936,44.433502144285065,23.056097934746706,24.261215458584974,33.58775472194224,31.54942390145739,24.19691007197852
200,46.582975056583216,41.838036609894424,25.85280215503046,29.960372184050936,44.433502144285065,23.056097934746706,24.261215458584974,33.58775472194224,31.54942390145739,24.19691007197852
201,46.582975056583216,41.838036609894424,25.85280215503046,29.960372184050936,44.433502144285065,23.056097934746706,24.261215458584974,33.58775472194224,31.54942390145739,24.19691007197852
202,46.582975056583216,41.838036609894424,25.85280215503046,29.960372184050936,44.433502144285065,23.056097934746706,24.261215458584974,33.58775472194224,31.54942390145739,24.19691007197852
203,46.582975056583216,41.838036609894424,25.85280215503046,29.960372184050936,44.433502144285065,54.78497650466085,24.261215458584974,33.58775472194224,31.54942390145739,24.19691007197852
204,46.582975056583216,41.838036609894424,25.85280215503046,29.960372184050936,44.433502144285065,54.78497650466085,24.261215458584974,33.58775472194224,31.54942390145739,24.19691007197852
205,46.582975056583216,41.838036609894424,25.85280215503046,29.960372184050936,44.433502144285065,54.78497650466085,24.261215458584974,28.170940786283264,31.54942390145739,24.19691007197852
206,46.582975056583216,41.838036609894424,25.85280215503046,29.960372184050936,44.433502144285065,54.78497650466085,24.261215458584974,28.170940786283264,31.54942390145739,24.19691007197852
207,46.582975056583216,41.838036609894424,25.85280215503046,29.960372184050936,44.433502144285065,54.78497650466085,24.261215458584974,28.170940786283264,31.54942390145739,24.19691007197852
208,46.582975056583216,41.838036609894424,25.85280215503046,29.960372184050936,44.433502144285065,54.78497650466085,24.261215458584974,28.170940786283264,31.54942390145739,31.025504735605132
209,46.582975056583216,41.838036609894424,25.85280215503046,29.960372184050936,44.433502144285065,54.78497650466085,24.261215458584974,28.170940786283264,31.54942390145739,31.025504735605132
210,46.582975056583216,41.838036609894424,25.85280215503046,29.960372184050936,44.433502144285065,37.11612362240726,24.261215458584974,28.170940786283264,31.54942390145739,31.025504735605132
211,46.582975056583216,34.76682255293803,25.85280215503046,29.960372184050936,44.433502144285065,37.11612362240726,24.261215458584974,28.170940786283264,31.54942390145739,31.025504735605132
212,46.582975056583216,34.76682255293803,25.85280215503046,29.960372184050936,44.433502144285065,37.11612362240726,24.261215458584974,28.170940786283264,31.54942390145739,31.025504735605132
213,28.93850382960514,34.76682255293803,25.85280215503046,29.960372184050936,44.433502144285065,37.11612362240726,24.261215458584974,28.170940786283264,31.54942390145739,31.025504735605132
214,28.93850382960514,34.76682255293803,25.85280215503046,29.960372184050936,44.433502144285065,31.728878569914137,24.261215458584974,28.170940786283264,31.54942390145739,31.025504735605132
215,28.93850382960514,34.76682255293803,25.85280215503046,29.960372184050936,39.04919580310495,31.728878569914137,24.261215458584974,28.170940786283264,31.54942390145739,31.025504735605132
216,28.93850382960514,34.76682255293803,25.85280215503046,29.960372184050936,39.04919580310495,31.728878569914137,24.261215458584974,28.170940786283264,31.54942390145739,24.46776570706446
217,28.93850382960514,34.76682255293803,25.85280215503046,29.960372184050936,39.04919580310495,31.728878569914137,24.261215458584974,28.170940786283264,31.54942390145739,24.46776570706446
218,28.93850382960514,34.307268745917604,25.85280215503046,29.960372184050936,39.04919580310495,31.728878569914137,46.419922777384755,28.170940786283264,31.54942390145739,24.46776570706446
219,40.12932665144408,34.307268745917604,25.85280215503046,29.960372184050936,39.04919580310495,31.728878569914137,46.419922777384755,28.170940786283264,31.54942390145739,24.46776570706446
220,40.12932665144408,34.307268745917604,28.2852967741077,29.960372184050936,39.04919580310495,31.728878569914137,46.419922777384755,28.170940786283264,31.54942390145739,24.46776570706446
221,40.12932665144408,34.307268745917604,28.2852967741077,29.960372184050936,39.04919580310495,31.728878569914137,46.419922777384755,28.170940786283264,31.54942390145739,24.46776570706446
222,40.12932665144408,34.307268745917604,28.2852967741077,29.960372184050936,39.04919580310495,31.728878569914137,46.419922777384755,28.170940786283264,31.54942390145739,24.46776570706446
223,40.12932665144408,34.307268745917604,28.2852967741077,29.960372184050936,39.04919580310495,31.728878569914137,46.419922777384755,28.170940786283264,31.54942390145739,24.46776570706446
224,40.12932665144408,34.307268745917604,28.2852967741077,46.39745187657941,39.04919580310495,31.728878569914137,46.419922777384755,28.170940786283264,31.54942390145739,24.46776570706446
225,40.12932665144408,34.307268745917604,28.2852967741077,46.39745187657941,39.04919580310495,31.728878569914137,46.419922777384755,28.170940786283264,31.54942390145739,24.46776570706446
226,40.12932665144408,34.307268745917604,28.2852967741077,46.39745187657941,25.74945918898747,31.728878569914137,46.419922777384755,28.170940786283264,31.54942390145739,24.46776570706446
227,40.12932665144408,34.307268745917604,28.2852967741077,46.39745187657941,25.74945918898747,31.728878569914137,46.419922777384755,28.170940786283264,31.54942390145739,24.46776570706446
228,40.12932665144408,34.307268745917604,28.2852967741077,46.39745187657941,25.74945918898747,31.728878569914137,46.419922777384755,28.170940786283264,31.54942390145739,24.46776570706446
229,40.12932665144408,34.307268745917604,28.2852967741077,46.39745187657941,25.74945918898747,31.728878569914137,46.419922777384755,28.170940786283264,31.54942390145739,24.46776570706446
230,40.12932665144408,34.307268745917604,28.2852967741077,46.39745187657941,33.16378942088704,31.728878569914137,46.419922777384755,28.170940786283264,31.54942390145739,24.46776570706446
231,40.12932665144408,34.307268745917604,28.2852967741077,46.39745187657941,33.16378942088704,31.728878569914137,46.419922777384755,28.170940786283264,31.54942390145739,24.46776570706446
232,40.12932665144408,34.307268745917604,28.2852967741077,46.39745187657941,33.16378942088704,31.728878569914137,46.419922777384755,28.170940786283264,31.54942390145739,24.46776570706446
233,40.12932665144408,34.307268745917604,28.2852967741077,46.39745187657941,33.16378942088704,31.728878569914137,46.419922777384755,28.170940786283264,31.54942390145739,24.46776570706446
234,40.12932665144408,34.307268745917604,28.2852967741077,46.39745187657941,33.16378942088704,31.728878569914137,46.419922777384755,28.170940786283264,31.54942390145739,24.46776570706446
235,40.12932665144408,34.307268745917604,28.2852967741077,46.39745187657941,33.16378942088704,31.728878569914137,46.419922777384755,28.170940786283264,31.54942390145739,24.46776570706446
236,40.12932665144408,34.307268745917604,28.2852967741077,46.39745187657941,33.16378942088704,31.728878569914137,46.419922777384755,28.170940786283264,31.54942390145739,24.46776570706446
237,40.12932665144408,34.307268745917604,28.2852967741077,46.39745187657941,33.16378942088704,31.728878569914137,46.419922777384755,28.170940786283264,31.54942390145739,54.2703796507721
238,40.12932665144408,34.307268745917604,28.2852967741077,46.39745187657941,33.16378942088704,31.728878569914137,46.419922777384755,28.170940786283264,31.54942390145739,54.2703796507721
239,40.12932665144408,34.307268745917604,28.2852967741077,46.39745187657941,33.16378942088704,31.728878569914137,46.419922777384755,28.170940786283264,31.54942390145739,54.2703796507721
240,40.12932665144408,34.307268745917604,28.2852967741077,46.39745187657941,33.16378942088704,31.728878569914137,46.419922777384755,28.170940786283264,31.54942390145739,54.2703796507721
241,40.12932665144408,34.307268745917604,28.2852967741077,46.39745187657941,33.16378942088704,31.728878569914137,46.419922777384755,28.170940786283264,31.54942390145739,54.2703796507721
242,40.12932665144408,34.307268745917604,28.2852967741077,46.39745187657941,33.16378942088704,31.728878569914137,46.419922777384755,28.170940786283264,48.26049381240769,54.2703796507721
243,40.12932665144408,34.307268745917604,28.2852967741077,46.39745187657941,33.16378942088704,0.0,46.419922777384755,28.170940786283264,48.26049381240769,54.2703796507721
244,40.12932665144408,34.307268745917604,28.2852967741077,46.39745187657941,33.16378942088704,40.70128809699292,46.419922777384755,28.170940786283264,48.26049381240769,54.2703796507721
245,40.12932665144408,34.307268745917604,28.2852967741077,46.39745187657941,33.16378942088704,40.70128809699292,46.419922777384755,50.50650988982094,48.26049381240769,54.2703796507721
246,40.12932665144408,34.307268745917604,28.2852967741077,46.39745187657941,33.16378942088704,40.70128809699292,46.419922777384755,50.50650988982094,48.26049381240769,54.2703796507721
247,40.12932665144408,34.307268745917604,28.2852967741077,46.39745187657941,33.16378942088704,40.70128809699292,46.419922777384755,50.50650988982094,48.26049381240769,54.2703796507721
248,40.12932665144408,34.307268745917604,28.2852967741077,46.39745187657941,33.16378942088704,40.70128809699292,46.419922777384755,50.50650988982094,48.26049381240769,54.2703796507721
249,40.12932665144408,34.307268745917604,28.2852967741077,46.39745187657941,33.16378942088704,40.70128809699292,46.419922777384755,50.50650988982094,48.26049381240769,54.2703796507721
250,40.12932665144408,34.307268745917604,49.84667645743523,46.39745187657941,33.16378942088704,40.70128809699292,46.419922777384755,50.50650988982094,48.26049381240769,54.2703796507721
251,40.12932665144408,34.307268745917604,49.84667645743523,46.39745187657941,33.16378942088704,40.70128809699292,46.419922777384755,50.50650988982094,48.26049381240769,54.2703796507721
252,40.12932665144408,38.30623969510458,49.84667645743523,46.39745187657941,33.16378942088704,40.70128809699292,46.419922777384755,50.50650988982094,48.26049381240769,54.2703796507721
253,40.12932665144408,38.30623969510458,49.84667645743523,46.39745187657941,33.16378942088704,40.70128809699292,46.419922777384755,50.50650988982094,48.26049381240769,54.2703796507721
254,40.12932665144408,38.30623969510458,49.84667645743523,36.70687935126677,33.16378942088704,40.70128809699292,46.419922777384755,50.50650988982094,48.26049381240769,29.802613943707648
255,40.12932665144408,38.30623969510458,49.84667645743523,36.70687935126677,38.5228298563197,40.70128809699292,46.419922777384755,50.50650988982094,48.26049381240769,29.802613943707648
256,40.12932665144408,38.30623969510458,49.84667645743523,36.70687935126677,35.36163175653785,40.70128809699292,46.419922777384755,50.50650988982094,48.26049381240769,29.802613943707648
257,40.12932665144408,38.30623969510458,49.84667645743523,36.70687935126677,35.36163175653785,40.70128809699292,46.419922777384755,50.50650988982094,48.26049381240769,29.802613943707648
258,40.12932665144408,35.46575911650538,49.84667645743523,36.70687935126677,35.36163175653785,40.70128809699292,46.419922777384755,50.50650988982094,48.26049381240769,29.802613943707648
259,44.94142308862418,35.46575911650538,49.84667645743523,36.70687935126677,51.729263911454346,40.70128809699292,29.914447209742796,50.50650988982094,48.26049381240769,29.802613943707648
260,44.94142308862418,35.46575911650538,49.84667645743523,36.70687935126677,51.729263911454346,40.70128809699292,29.914447209742796,50.50650988982094,48.26049381240769,29.802613943707648
261,44.94142308862418,32.305572556534855,49.84667645743523,36.70687935126677,51.729263911454346,40.70128809699292,29.914447209742796,50.50650988982094,48.26049381240769,29.802613943707648
262,38.65729095972479,32.305572556534855,49.84667645743523,36.70687935126677,51.729263911454346,40.70128809699292,51.75405652894807,50.50650988982094,48.26049381240769,29.802613943707648
263,38.65729095972479,32.305572556534855,49.84667645743523,36.70687935126677,51.729263911454346,40.70128809699292,51.75405652894807,50.50650988982094,48.26049381240769,29.802613943707648
264,38.65729095972479,32.305572556534855,43.370549220057285,36.70687935126677,51.729263911454346,40.70128809699292,51.75405652894807,50.50650988982094,48.26049381240769,29.802613943707648
265,38.65729095972479,32.305572556534855,43.370549220057285,36.70687935126677,51.729263911454346,40.70128809699292,51.75405652894807,50.50650988982094,48.26049381240769,29.802613943707648
266,38.65729095972479,32.305572556534855,43.370549220057285,36.70687935126677,51.729263911454346,40.70128809699292,51.75405652894807,50.50650988982094,48.26049381240769,29.802613943707648
267,38.65729095972479,32.305572556534855,43.370549220057285,36.70687935126677,51.729263911454346,40.70128809699292,51.75405652894807,50.50650988982094,48.26049381240769,29.802613943707648
268,38.65729095972479,32.305572556534855,43.370549220057285,36.70687935126677,51.729263911454346,40.70128809699292,51.75405652894807,50.50650988982094,48.26049381240769,29.802613943707648
269,38.65729095972479,32.305572556534855,43.370549220057285,36.70687935126677,51.729263911454346,40.70128809699292,51.75405652894807,50.50650988982094,48.26049381240769,29.802613943707648
270,38.65729095972479,32.305572556534855,43.370549220057285,36.70687935126677,51.729263911454346,40.70128809699292,51.75405652894807,50.50650988982094,48.26049381240769,29.802613943707648
271,38.65729095972479,32.305572556534855,43.370549220057285,36.70687935126677,51.729263911454346,40.70128809699292,51.75405652894807,50.50650988982094,48.26049381240769,29.802613943707648
272,38.65729095972479,32.305572556534855,43.370549220057285,36.70687935126677,51.729263911454346,40.70128809699292,51.75405652894807,50.50650988982094,48.26049381240769,45.24505519579295
273,38.65729095972479,62.17092875702459,43.370549220057285,36.70687935126677,51.729263911454346,40.70128809699292,51.75405652894807,50.50650988982094,48.26049381240769,45.24505519579295
274,38.65729095972479,62.17092875702459,43.370549220057285,36.70687935126677,51.729263911454346,40.70128809699292,51.75405652894807,50.50650988982094,48.26049381240769,45.24505519579295
275,38.65729095972479,62.17092875702459,43.370549220057285,36.70687935126677,51.729263911454346,40.70128809699292,51.75405652894807,50.50650988982094,48.26049381240769,45.24505519579295
276,38.65729095972479,62.17092875702459,43.370549220057285,36.70687935126677,51.729263911454346,40.70128809699292,51.75405652894807,50.50650988982094,48.26049381240769,45.24505519579295
277,38.65729095972479,62.17092875702459,43.370549220057285,36.70687935126677,51.729263911454346,40.70128809699292,51.75405652894807,50.50650988982094,48.26049381240769,45.24505519579295
278,38.65729095972479,62.17092875702459,43.370549220057285,36.70687935126677,51.729263911454346,40.70128809699292,51.75405652894807,50.50650988982094,48.26049381240769,45.24505519579295
279,38.65729095972479,62.17092875702459,43.370549220057285,36.70687935126677,51.729263911454346,40.70128809699292,51.75405652894807,50.50650988982094,48.26049381240769,42.56937586295663
280,38.65729095972479,62.17092875702459,43.370549220057285,36.70687935126677,51.729263911454346,40.70128809699292,51.75405652894807,50.50650988982094,48.26049381240769,42.56937586295663
281,38.65729095972479,62.17092875702459,43.370549220057285,36.70687935126677,51.729263911454346,40.70128809699292,51.75405652894807,50.50650988982094,48.26049381240769,42.56937586295663
282,38.65729095972479,62.17092875702459,43.370549220057285,36.70687935126677,51.729263911454346,40.70128809699292,51.75405652894807,50.50650988982094,48.26049381240769,42.56937586295663
283,38.65729095972479,62.17092875702459,43.370549220057285,36.70687935126677,51.729263911454346,40.70128809699292,51.75405652894807,50.50650988982094,48.26049381240769,42.56937586295663
284,38.65729095972479,62.17092875702459,43.370549220057285,36.70687935126677,51.729263911454346,40.70128809699292,51.75405652894807,50.50650988982094,48.26049381240769,42.56937586295663
285,38.65729095972479,62.17092875702459,43.370549220057285,36.70687935126677,51.729263911454346,40.70128809699292,51.75405652894807,50.50650988982094,48.26049381240769,42.56937586295663
286,38.65729095972479,62.17092875702459,43.370549220057285,36.70687935126677,51.729263911454346,40.70128809699292,51.75405652894807,50.50650988982094,48.26049381240769,42.56937586295663
287,38.65729095972479,62.17092875702459,43.370549220057285,36.70687935126677,51.729263911454346,40.70128809699292,51.75405652894807,50.50650988982094,48.26049381240769,42.56937586295663
288,38.65729095972479,62.17092875702459,43.370549220057285,36.70687935126677,51.729263911454346,40.70128809699292,51.75405652894807,50.50650988982094,48.26049381240769,42.56937586295663
289,38.65729095972479,62.17092875702459,43.370549220057285,36.70687935126677,51.729263911454346,53.99975538308654,51.75405652894807,50.50650988982094,55.996501584539864,42.56937586295663
290,38.65729095972479,62.17092875702459,43.370549220057285,36.70687935126677,51.729263911454346,53.99975538308654,51.75405652894807,50.50650988982094,55.996501584539864,42.56937586295663
291,38.65729095972479,62.17092875702459,43.370549220057285,36.70687935126677,51.729263911454346,53.99975538308654,51.75405652894807,50.50650988982094,27.13324044376676,42.56937586295663
292,38.65729095972479,62.17092875702459,43.370549220057285,36.70687935126677,51.729263911454346,53.99975538308654,51.75405652894807,50.50650988982094,27.13324044376676,42.56937586295663
293,38.65729095972479,62.17092875702459,43.370549220057285,36.70687935126677,51.729263911454346,27.177674812390652,51.75405652894807,50.50650988982094,27.13324044376676,42.56937586295663
294,38.65729095972479,62.17092875702459,43.370549220057285,36.70687935126677,51.729263911454346,27.177674812390652,51.75405652894807,50.50650988982094,27.13324044376676,42.56937586295663
295,38.65729095972479,62.17092875702459,43.370549220057285,36.70687935126677,51.729263911454346,27.177674812390652,51.75405652894807,50.50650988982094,27.13324044376676,42.56937586295663
296,38.65729095972479,62.17092875702459,43.370549220057285,36.70687935126677,51.729263911454346,27.177674812390652,51.75405652894807,56.753178212295616,27.13324044376676,42.56937586295663
297,38.65729095972479,62.17092875702459,43.370549220057285,36.70687935126677,51.729263911454346,27.177674812390652,51.75405652894807,56.753178212295616,27.13324044376676,42.56937586295663
298,38.65729095972479,62.17092875702459,43.370549220057285,36.70687935126677,51.729263911454346,27.177674812390652,51.75405652894807,53.52194964529751,27.13324044376676,42.56937586295663
299,38.65729095972479,62.17092875702459,43.370549220057285,36.70687935126677,51.729263911454346,27.177674812390652,51.75405652894807,27.19046548350637,27.13324044376676,42.56937586295663
300,38.65729095972479,62.17092875702459,43.370549220057285,36.70687935126677,51.729263911454346,27.177674812390652,51.75405652894807,27.19046548350637,27.13324044376676,42.56937586295663
301,38.65729095972479,62.17092875702459,43.370549220057285,36.70687935126677,51.729263911454346,27.177674812390652,51.75405652894807,27.19046548350637,27.13324044376676,42.56937586295663
302,38.65729095972479,62.17092875702459,43.370549220057285,36.70687935126677,51.729263911454346,27.177674812390652,51.75405652894807,27.19046548350637,27.13324044376676,42.56937586295663
303,38.65729095972479,62.17092875702459,43.370549220057285,36.70687935126677,51.729263911454346,27.177674812390652,51.75405652894807,27.19046548350637,27.13324044376676,42.56937586295663
304,38.65729095972479,62.17092875702459,43.370549220057285,36.70687935126677,51.729263911454346,27.177674812390652,51.75405652894807,27.19046548350637,27.13324044376676,42.56937586295663
305,38.65729095972479,62.17092875702459,43.370549220057285,63.87180595120101,51.729263911454346,27.177674812390652,51.75405652894807,27.19046548350637,27.13324044376676,42.56937586295663
306,38.65729095972479,62.17092875702459,43.370549220057285,63.87180595120101,51.729263911454346,27.177674812390652,51.75405652894807,27.19046548350637,27.13324044376676,42.56937586295663
307,38.65729095972479,62.17092875702459,43.370549220057285,63.87180595120101,51.729263911454346,27.177674812390652,51.75405652894807,27.19046548350637,27.13324044376676,42.56937586295663
308,38.65729095972479,62.17092875702459,43.370549220057285,63.87180595120101,51.729263911454346,27.177674812390652,51.75405652894807,27.19046548350637,27.13324044376676,42.56937586295663
309,38.65729095972479,62.17092875702459,43.370549220057285,63.87180595120101,51.729263911454346,27.177674812390652,51.75405652894807,27.19046548350637,27.13324044376676,42.56937586295663
310,38.65729095972479,62.17092875702459,43.370549220057285,63.87180595120101,51.729263911454346,27.177674812390652,51.75405652894807,27.19046548350637,27.13324044376676,42.56937586295663
311,38.65729095972479,62.17092875702459,43.370549220057285,63.87180595120101,51.729263911454346,27.177674812390652,51.75405652894807,27.19046548350637,27.13324044376676,42.56937586295663
312,38.65729095972479,62.17092875702459,43.370549220057285,63.87180595120101,51.729263911454346,27.177674812390652,51.75405652894807,27.19046548350637,27.13324044376676,42.56937586295663
313,38.65729095972479,62.17092875702459,43.370549220057285,42.215178106453486,51.729263911454346,27.177674812390652,51.75405652894807,27.19046548350637,27.13324044376676,42.56937586295663
314,17.04852315314743,62.17092875702459,21.809169536729758,42.215178106453486,51.729263911454346,27.177674812390652,51.75405652894807,27.19046548350637,27.13324044376676,42.56937586295663
315,17.04852315314743,40.52231065608913,21.809169536729758,42.215178106453486,51.729263911454346,27.177674812390652,51.75405652894807,27.19046548350637,27.13324044376676,42.56937586295663
316,17.04852315314743,40.52231065608913,21.809169536729758,42.215178106453486,51.729263911454346,27.177674812390652,51.75405652894807,27.19046548350637,27.13324044376676,42.56937586295663
317,17.04852315314743,40.52231065608913,21.809169536729758,42.215178106453486,51.729263911454346,27.177674812390652,51.75405652894807,27.19046548350637,27.13324044376676,42.56937586295663
318,17.04852315314743,40.52231065608913,21.809169536729758,42.215178106453486,51.729263911454346,27.177674812390652,51.75405652894807,27.19046548350637,27.13324044376676,42.56937586295663
319,17.04852315314743,40.52231065608913,21.809169536729758,42.215178106453486,51.729263911454346,27.177674812390652,51.75405652894807,27.19046548350637,27.13324044376676,42.56937586295663
320,17.04852315314743,40.52231065608913,21.809169536729758,42.215178106453486,51.729263911454346,27.177674812390652,51.75405652894807,27.19046548350637,27.13324044376676,37.7823484623074
321,17.04852315314743,40.52231065608913,17.031180077112698,27.164926599934244,51.729263911454346,27.177674812390652,46.95176521734105,27.19046548350637,27.13324044376676,37.7823484623074
322,17.04852315314743,40.52231065608913,17.031180077112698,27.164926599934244,51.729263911454346,27.177674812390652,46.95176521734105,27.19046548350637,27.13324044376676,37.7823484623074
323,17.04852315314743,40.52231065608913,17.031180077112698,27.164926599934244,51.729263911454346,27.177674812390652,46.95176521734105,27.19046548350637,27.13324044376676,37.7823484623074
324,17.04852315314743,40.52231065608913,17.031180077112698,27.164926599934244,51.729263911454346,27.177674812390652,46.95176521734105,27.19046548350637,27.13324044376676,37.7823484623074
325,17.04852315314743,40.52231065608913,0.0,27.164926599934244,51.729263911454346,27.177674812390652,46.95176521734105,27.19046548350637,27.13324044376676,37.7823484623074
326,17.04852315314743,10.656954455599388,0.0,27.164926599934244,51.729263911454346,27.177674812390652,29.873951856680065,27.19046548350637,27.13324044376676,37.7823484623074
327,0.0,10.656954455599388,0.0,27.164926599934244,29.867069625068098,27.177674812390652,0.0,27.19046548350637,27.13324044376676,37.7823484623074
328,0.0,10.656954455599388,0.0,27.164926599934244,0.0,27.177674812390652,0.0,27.19046548350637,27.13324044376676,37.7823484623074
329,0.0,10.656954455599388,0.0,27.164926599934244,0.0,27.177674812390652,0.0,27.19046548350637,27.13324044376676,27.12693461087133
330,0.0,10.656954455599388,0.0,27.164926599934244,0.0,27.177674812390652,0.0,27.19046548350637,27.13324044376676,27.12693461087133
331,0.0,10.656954455599388,0.0,27.164926599934244,0.0,27.177674812390652,0.0,27.19046548350637,27.13324044376676,27.12693461087133
332,0.0,0.0,0.0,27.164926599934244,0.0,27.177674812390652,0.0,27.19046548350637,27.13324044376676,27.12693461087133
333,0.0,0.0,0.0,27.164926599934244,0.0,27.177674812390652,0.0,27.19046548350637,27.13324044376676,27.12693461087133
334,0.0,0.0,0.0,27.164926599934244,0.0,27.177674812390652,0.0,27.19046548350637,27.13324044376676,27.12693461087133
335,0.0,0.0,0.0,27.164926599934244,0.0,27.177674812390652,0.0,27.19046548350637,27.13324044376676,27.12693461087133
336,0.0,0.0,0.0,27.164926599934244,0.0,27.177674812390652,0.0,27.19046548350637,27.13324044376676,27.12693461087133
337,0.0,0.0,0.0,27.164926599934244,0.0,27.177674812390652,0.0,27.19046548350637,27.13324044376676,27.12693461087133
338,0.0,0.0,0.0,27.164926599934244,0.0,27.177674812390652,0.0,27.19046548350637,27.13324044376676,27.12693461087133
339,0.0,0.0,0.0,27.164926599934244,0.0,27.177674812390652,0.0,27.19046548350637,27.13324044376676,27.12693461087133
340,0.0,0.0,0.0,27.164926599934244,0.0,27.177674812390652,0.0,27.19046548350637,27.13324044376676,27.12693461087133
341,0.0,0.0,0.0,27.164926599934244,0.0,27.177674812390652,0.0,27.19046548350637,27.13324044376676,27.12693461087133
342,0.0,0.0,0.0,27.164926599934244,0.0,27.177674812390652,0.0,27.19046548350637,27.13324044376676,27.12693461087133
343,0.0,0.0,0.0,27.164926599934244,0.0,27.177674812390652,0.0,27.19046548350637,27.13324044376676,27.12693461087133
344,0.0,0.0,0.0,27.164926599934244,0.0,27.177674812390652,0.0,27.19046548350637,27.13324044376676,27.12693461087133
345,0.0,0.0,0.0,27.164926599934244,0.0,27.177674812390652,0.0,27.19046548350637,27.13324044376676,27.12693461087133
346,0.0,0.0,0.0,27.164926599934244,0.0,27.177674812390652,0.0,27.19046548350637,27.13324044376676,27.12693461087133
347,0.0,0.0,0.0,27.164926599934244,0.0,27.177674812390652,0.0,27.19046548350637,27.13324044376676,27.12693461087133
348,0.0,0.0,0.0,27.164926599934244,0.0,27.177674812390652,0.0,27.19046548350637,27.13324044376676,27.12693461087133
349,0.0,0.0,0.0,27.164926599934244,0.0,27.177674812390652,0.0,27.19046548350637,27.13324044376676,27.12693461087133
350,0.0,0.0,0.0,27.164926599934244,0.0,27.177674812390652,0.0,27.19046548350637,27.13324044376676,27.12693461087133
351,0.0,0.0,0.0,27.164926599934244,0.0,27.177674812390652,0.0,27.19046548350637,27.13324044376676,27.12693461087133
352,0.0,0.0,0.0,27.164926599934244,0.0,27.177674812390652,0.0,27.19046548350637,27.13324044376676,27.12693461087133
353,0.0,0.0,0.0,27.164926599934244,0.0,27.177674812390652,0.0,27.19046548350637,27.13324044376676,27.12693461087133
354,0.0,0.0,0.0,0.0,0.0,27.177674812390652,0.0,27.19046548350637,27.13324044376676,0.0
355,0.0,0.0,0.0,0.0,0.0,27.177674812390652,0.0,0.0,0.0,0.0
356,0.0,0.0,0.0,0.0,0.0,27.177674812390652,0.0,0.0,0.0,0.0
357,0.0,0.0,0.0,0.0,0.0,27.177674812390652,0.0,0.0,0.0,0.0
358,0.0,0.0,0.0,0.0,0.0,27.177674812390652,0.0,0.0,0.0,0.0
359,0.0,0.0,0.0,0.0,0.0,27.177674812390652,0.0,0.0,0.0,0.0
360,0.0,0.0,0.0,0.0,0.0,0.0,0.0,0.0,0.0,0.0
361,0.0,0.0,0.0,0.0,0.0,0.0,0.0,0.0,0.0,0.0
362,0.0,0.0,0.0,0.0,0.0,0.0,0.0,0.0,0.0,0.0
363,0.0,0.0,0.0,0.0,0.0,0.0,0.0,0.0,0.0,0.0
364,0.0,0.0,0.0,0.0,0.0,0.0,0.0,0.0,0.0,0.0
365,0.0,0.0,0.0,0.0,0.0,0.0,0.0,0.0,0.0,0.0
366,0.0,0.0,0.0,0.0,0.0,0.0,0.0,0.0,0.0,0.0
367,0.0,0.0,0.0,0.0,0.0,0.0,0.0,0.0,0.0,0.0
368,0.0,0.0,0.0,0.0,0.0,0.0,0.0,0.0,0.0,0.0
369,0.0,0.0,0.0,0.0,0.0,0.0,0.0,0.0,0.0,0.0
370,0.0,0.0,0.0,0.0,0.0,0.0,0.0,0.0,0.0,0.0
371,0.0,0.0,0.0,0.0,0.0,0.0,0.0,0.0,0.0,0.0
372,0.0,0.0,0.0,0.0,0.0,0.0,0.0,0.0,0.0,0.0
373,0.0,0.0,0.0,0.0,0.0,0.0,0.0,0.0,0.0,0.0
374,0.0,0.0,0.0,0.0,0.0,0.0,0.0,0.0,0.0,0.0
375,0.0,0.0,0.0,0.0,0.0,0.0,0.0,0.0,0.0,0.0
376,0.0,0.0,0.0,0.0,0.0,0.0,0.0,0.0,0.0,0.0
377,0.0,0.0,0.0,0.0,0.0,0.0,0.0,0.0,0.0,0.0
378,0.0,0.0,0.0,0.0,0.0,0.0,0.0,0.0,0.0,0.0
379,0.0,0.0,0.0,0.0,0.0,0.0,0.0,0.0,0.0,0.0
380,0.0,0.0,0.0,0.0,0.0,0.0,0.0,0.0,0.0,0.0
381,0.0,0.0,0.0,0.0,0.0,0.0,0.0,0.0,0.0,0.0
382,0.0,0.0,0.0,0.0,0.0,0.0,0.0,0.0,0.0,0.0
383,0.0,0.0,0.0,0.0,0.0,0.0,0.0,0.0,0.0,0.0
384,0.0,0.0,0.0,0.0,0.0,0.0,0.0,0.0,0.0,0.0
385,0.0,0.0,0.0,0.0,0.0,0.0,0.0,0.0,0.0,0.0
386,0.0,0.0,0.0,0.0,0.0,0.0,0.0,0.0,0.0,0.0
387,0.0,0.0,0.0,0.0,0.0,0.0,0.0,0.0,0.0,0.0
388,0.0,0.0,0.0,0.0,0.0,0.0,0.0,0.0,0.0,0.0
389,0.0,0.0,0.0,0.0,0.0,0.0,0.0,0.0,0.0,0.0
390,0.0,0.0,0.0,0.0,0.0,0.0,0.0,0.0,0.0,0.0
391,0.0,0.0,0.0,0.0,0.0,0.0,0.0,0.0,0.0,0.0
392,0.0,0.0,0.0,0.0,0.0,0.0,0.0,0.0,0.0,0.0
393,0.0,0.0,0.0,0.0,0.0,0.0,0.0,0.0,0.0,0.0
394,0.0,0.0,0.0,0.0,0.0,0.0,0.0,0.0,0.0,0.0
395,0.0,0.0,0.0,0.0,0.0,0.0,0.0,0.0,0.0,0.0
396,0.0,0.0,0.0,0.0,0.0,0.0,0.0,0.0,0.0,0.0
397,0.0,0.0,0.0,0.0,0.0,0.0,0.0,0.0,0.0,0.0
398,0.0,0.0,0.0,0.0,0.0,0.0,0.0,0.0,0.0,0.0
399,0.0,0.0,,,0.0,,0.0,0.0,,
